# The enterprise arcs this corpus publishes under, from index-frozen.csv
# and the build's index-v2.csv. Input to the PEN snapshot's reduction.
# Regenerated by scripts/update_registries.py --update after a build.
1
2
4
6
9
11
16
23
32
43
45
52
63
89
97
99
111
114
116
161
164
170
171
186
193
207
211
224
232
244
248
255
259
266
272
318
327
334
351
353
368
412
429
476
522
534
562
601
629
637
664
674
694
705
789
795
850
885
890
935
994
1027
1070
1139
1166
1230
1271
1302
1418
1429
1482
1570
1588
1718
1732
1751
1768
1869
1872
1916
1966
1991
2007
2011
2021
2185
2238
2252
2254
2272
2281
2352
2356
2435
2440
2468
2509
2544
2566
2606
2620
2634
2636
2682
2696
2699
3052
3076
3097
3183
3224
3320
3373
3375
3417
3495
3570
3607
3699
3709
3711
3715
3808
3833
3845
3854
3902
3955
4096
4115
4130
4329
4355
4413
4458
4491
4515
4526
4555
4874
4881
4998
5003
5040
5491
5528
5591
5597
5624
5651
5655
5875
5951
6027
6050
6066
6141
6296
6302
6321
6368
6431
6486
6527
6530
6574
6666
6876
6889
6894
7185
7262
7309
7312
7342
7428
7465
7501
7505
7564
7571
7779
7800
8072
8239
8691
8741
8744
8886
9070
9148
9303
9557
9694
9839
9999
10002
10072
10106
10297
10418
10456
10520
10704
10876
10923
11256
11369
11606
11863
12124
12140
12148
12196
12276
12325
12356
12394
12532
12740
12919
13191
13315
13464
13742
13827
13858
14179
14373
14525
14706
14817
14823
14832
14851
14941
14988
15004
15007
15117
15397
15497
15597
15983
16108
16174
17022
17095
17163
17471
17713
18248
18642
19011
19046
19536
19746
19831
20044
20246
20301
20632
20916
20992
21013
21067
21239
21317
21362
21529
21796
22420
22610
22626
22764
23263
23695
23867
24681
24693
25049
25053
25461
25506
25651
25728
25868
26384
26543
26854
26866
26928
27304
27338
27614
27975
27993
28381
28507
28557
29003
29865
30005
30065
30155
30826
31023
31034
31218
31926
32015
32050
32620
32761
33234
33283
33555
33826
34278
34592
34774
35098
35265
35424
35847
35873
37447
37662
38446
39003
39145
39165
39324
39406
40297
40418
40482
40748
40989
41036
41112
41809
42229
42610
43356
43906
45346
45621
46242
46651
47196
47307
47421
48328
48690
49136
49759
50114
50536
52248
1004849
